162.32
216.798
288.075
432.429
577.383
630.781
658.14
730.497
775.015
801.774
847.492
919.249
947.688
990.406
1095.4
1134.52
1207
1221.76
1261.6
1295.79
1333.47
1404.63
1440.27
1476.99
1495.83
1526.9
1548.62
1584.74
1621.7
1639.34
1784.53
1793.77
1802.89
1811.41
1820.65
1829.65
1838.77
1848.13
1856.65
1865.29
1874.29
1882.45
1891.57
1901.05
1910.05
1919.17
1928.05
1937.29
1945.69
1954.69
1963.81
1972.93
1981.45
1990.45
1999.21
2008.32
2017.32
2026.08
2035.08
2043.84
2052.01
2061.5
2071.59
2095.37
2117.35
2126.12
2144.02
2161.67
2171.04
2180.29
2189.06
2198.07
2207.2
2216.33
2232.3
2242.87
2266.78
2276.63
2286.84
2311.22
2333.44
2342.33
2351.7
2360.47
2369.6
2378.85
2387.37
2396.14
2405.51
2414.52
2423.29
2432.06
2441.19
2449.59
2458.24
2467.13
2476.14
2484.67
2493.32
2502.69
2520.7
2531.39
2558.54
2567.55
2576.68
2597.34
2610.43
2619.92
2628.93
2637.82
2646.83
2670.97
2680.82
2701
2720.58
2756.37
2766.58
2775.71
2784.84
2793.37
2802.86
2811.75
2820.64
2829.41
2838.41
2847.42
2856.07
2864.6
2873.97
2882.86
2891.87
2901
2910.12
2919.13
2928.26
2936.91
3026.64
3044.78
3099.19
3170.3
3225.31
3238.76
3278.52
3296.18
3309.99
3350.47
3368.73
3382.18
3415.46
3424.59
3441.64
3454.86
3486.33
3495.7
3514.31
3540.74
3585.42
3639.84
3657.13
3729.56
3783.86
3833.22
3874.18
3923.19
3933.88
3944.45
3968.96
3979.17
4090.28
4103.97
4116.82
4133.28
4144.09
4153.7
4162.71
4176.4
4189.01
4202.71
4214.84
4223.73
4233.33
4253.51
4265.89
4288.95
4298.32
4307.09
4323.78
4338.56
4358.62
4373.39
4384.2
4394.77
4404.5
4414.35
4423.6
4432.25
4441.14
4450.27
4468.64
4487.38
4499.51
4512.49
4522.46
4545.28
4554.77
4574.71
4584.56
4594.17
4622.51
4646.42
4656.39
4666.84
4681.13
4693.62
4705.64
4714.88
4726.66
4741.43
4751.28
4764.37
4777.95
4787.68
4802.69
4816.5
4825.63
4838.49
4852.3
4862.15
4876.92
4889.66
4898.9
4912.72
4926.05
4935.66
4944.67
4953.68
4961.85
4988.39
5009.65
5018.9
5029.11
5037.64
5076.44
5094.46
5112.83
5132.29
5141.54
5151.27
5169.77
5187.79
5210.97
5220.46
5243.76
5262.26
5414.09
5591.02
5713.9
